solid
facet normal 0.0 -0.0 455.407485962
outer loop
vertex 80.0 0.0 0.0
vertex 79.1857147217 11.385187149 0.0
vertex 40.0 0.0 0.0
endloop
endfacet
facet normal 0.0 -0.0 314.540671246
outer loop
vertex 40.0 0.0 0.0
vertex 79.1857147217 11.385187149 0.0
vertex 39.2314109802 7.80361270905 0.0
endloop
endfacet
facet normal 0.0 -0.0 454.3169263
outer loop
vertex 39.2314109802 7.80361270905 0.0
vertex 79.1857147217 11.385187149 0.0
vertex 76.759437561 22.5386047363 0.0
endloop
endfacet
facet normal 0.0 -0.0 454.535045071
outer loop
vertex 36.9551811218 15.3073377609 0.0
vertex 76.759437561 22.5386047363 0.0
vertex 72.7705612183 33.2332000732 0.0
endloop
endfacet
facet normal 0.0 -0.0 456.061473093
outer loop
vertex 33.2587852478 22.2228088379 0.0
vertex 72.7705612183 33.2332000732 0.0
vertex 67.3002853394 43.2512664795 0.0
endloop
endfacet
facet normal 0.0 0.0 454.898741373
outer loop
vertex 60.4599647522 52.3888587952 0.0
vertex 33.2587852478 22.2228088379 0.0
vertex 67.3002853394 43.2512664795 0.0
endloop
endfacet
facet normal 0.0 -0.0 314.940364931
outer loop
vertex 60.4599647522 52.3888587952 0.0
vertex 28.2842712402 28.2842712402 0.0
vertex 33.2587852478 22.2228088379 0.0
endloop
endfacet
facet normal 0.0 -0.0 454.244111782
outer loop
vertex 60.4599647522 52.3888587952 0.0
vertex 52.3888587952 60.4599647522 0.0
vertex 28.2842712402 28.2842712402 0.0
endloop
endfacet
facet normal 0.0 -0.0 314.940364931
outer loop
vertex 28.2842712402 28.2842712402 0.0
vertex 52.3888587952 60.4599647522 0.0
vertex 22.2228088379 33.2587852478 0.0
endloop
endfacet
facet normal 0.0 -0.0 454.898741373
outer loop
vertex 22.2228088379 33.2587852478 0.0
vertex 52.3888587952 60.4599647522 0.0
vertex 43.2512664795 67.3002853394 0.0
endloop
endfacet
facet normal 0.0 0.0 456.061473093
outer loop
vertex 33.2332000732 72.7705612183 0.0
vertex 22.2228088379 33.2587852478 0.0
vertex 43.2512664795 67.3002853394 0.0
endloop
endfacet
facet normal 0.0 -0.0 313.941308657
outer loop
vertex 33.2332000732 72.7705612183 0.0
vertex 15.3073377609 36.9551811218 0.0
vertex 22.2228088379 33.2587852478 0.0
endloop
endfacet
facet normal 0.0 -0.0 454.535045071
outer loop
vertex 33.2332000732 72.7705612183 0.0
vertex 22.5386047363 76.759437561 0.0
vertex 15.3073377609 36.9551811218 0.0
endloop
endfacet
facet normal 0.0 -0.0 315.140222018
outer loop
vertex 15.3073377609 36.9551811218 0.0
vertex 22.5386047363 76.759437561 0.0
vertex 7.80361270905 39.2314109802 0.0
endloop
endfacet
facet normal 0.0 -0.0 454.3169263
outer loop
vertex 7.80361270905 39.2314109802 0.0
vertex 22.5386047363 76.759437561 0.0
vertex 11.385187149 79.1857147217 0.0
endloop
endfacet
facet normal 0.0 -0.0 455.407485962
outer loop
vertex 0.0 40.0 0.0
vertex 11.385187149 79.1857147217 0.0
vertex 0.0 80.0 0.0
endloop
endfacet
facet normal -0.0 -0.0 314.540671246
outer loop
vertex 0.0 40.0 0.0
vertex 7.80361270905 39.2314109802 0.0
vertex 11.385187149 79.1857147217 0.0
endloop
endfacet
facet normal -0.0 -0.0 313.941308657
outer loop
vertex 33.2587852478 22.2228088379 0.0
vertex 36.9551811218 15.3073377609 0.0
vertex 72.7705612183 33.2332000732 0.0
endloop
endfacet
facet normal -0.0 -0.0 315.140222018
outer loop
vertex 36.9551811218 15.3073377609 0.0
vertex 39.2314109802 7.80361270905 0.0
vertex 76.759437561 22.5386047363 0.0
endloop
endfacet
endsolid
